D:\UAV\gz\faster-rcnn\VOCdevkit/VOC2007/JPEGImages/DJI_0348.jpg 2042,816,2451,1255,0 962,960,1451,1178,0 889,1052,965,1157,0 828,1052,913,1164,0 767,1057,850,1156,0 708,1056,786,1162,0 642,1046,719,1157,0 550,1044,643,1160,0 455,1051,562,1171,0 356,1052,470,1177,0 1494,1019,1585,1157,0 1958,1054,1998,1142,0 1942,1051,1967,1148,0 1700,1030,1748,1145,0 1744,1033,1791,1148,0 1788,1037,1828,1145,0 1820,1040,1852,1143,0 1841,1043,1876,1144,0 1870,1048,1902,1151,0 1894,1053,1925,1146,0
D:\UAV\gz\faster-rcnn\VOCdevkit/VOC2007/JPEGImages/DJI_0350.jpg 2284,816,2913,1287,0 398,961,1143,1218,1 1107,1043,1225,1169,0 1228,1044,1326,1169,0 1318,1051,1405,1159,0 1402,1049,1489,1157,0 1484,1057,1562,1152,0 1552,1048,1648,1159,0 1630,1043,1718,1152,0 1731,962,2156,1190,0 79,980,469,1213,1 3405,1065,3488,1148,3 3305,1068,3386,1148,3 3216,1065,3303,1149,3 3122,1070,3198,1137,3
D:\UAV\gz\faster-rcnn\VOCdevkit/VOC2007/JPEGImages/DJI_0356.jpg 1,1187,163,1367,1 1445,1126,2203,1523,0 172,1147,555,1360,1 844,1153,1145,1301,1 1132,1162,1284,1286,1 1280,1171,1470,1277,1 534,1147,699,1238,0 2575,1158,3218,1363,1 3184,1184,3402,1314,1 3434,1123,3540,1224,0 3537,1126,3652,1221,0
D:\UAV\gz\faster-rcnn\VOCdevkit/VOC2007/JPEGImages/DJI_0358.jpg 1832,1155,2161,1581,0 1422,1157,1606,1309,1 2185,1132,2370,1297,1 3097,1140,3299,1280,1 2865,1157,3118,1282,1 3367,1133,3657,1282,1 3659,1143,3988,1288,1 3196,1106,3356,1220,0
D:\UAV\gz\faster-rcnn\VOCdevkit/VOC2007/JPEGImages/DJI_0362.jpg 1764,1239,2425,1661,0 2580,1207,2833,1342,1 2806,1188,3079,1343,1 3095,1209,3370,1367,1 3396,1190,3681,1370,1
D:\UAV\gz\faster-rcnn\VOCdevkit/VOC2007/JPEGImages/DJI_0370.jpg 3211,1198,3567,1481,0 1438,1239,2235,1639,0 193,1261,527,1469,3 6,1300,298,1460,3
D:\UAV\gz\faster-rcnn\VOCdevkit/VOC2007/JPEGImages/DJI_0372.jpg 1755,1303,2429,1694,0 1025,1326,1236,1448,3 919,1319,1086,1430,3 833,1307,1005,1432,3 668,1303,912,1414,3 587,1291,719,1402,3 502,1232,663,1389,0 404,1246,504,1380,0 333,1234,413,1386,0 174,1233,322,1363,0
D:\UAV\gz\faster-rcnn\VOCdevkit/VOC2007/JPEGImages/DJI_0376.jpg 1954,1307,2390,1656,0 390,1277,883,1480,0 946,1225,1026,1309,3 1030,1222,1104,1305,3 1108,1224,1191,1295,3 1192,1220,1266,1292,3 1263,1217,1345,1294,3 1339,1216,1415,1299,3 1424,1210,1497,1294,3 1906,1287,2032,1383,3 1835,1282,1940,1356,3 1794,1222,1878,1331,0 1756,1229,1809,1312,0 1730,1214,1778,1312,0 1678,1206,1740,1302,0 1554,1175,1625,1274,0
D:\UAV\gz\faster-rcnn\VOCdevkit/VOC2007/JPEGImages/DJI_0378.jpg 2178,1424,2424,1660,0 2485,1488,2610,1615,0
D:\UAV\gz\faster-rcnn\VOCdevkit/VOC2007/JPEGImages/DJI_0388.jpg 1751,1299,2222,1709,0 1455,1451,1603,1599,0
D:\UAV\gz\faster-rcnn\VOCdevkit/VOC2007/JPEGImages/DJI_0390.jpg 1600,1380,1855,1657,0 1442,1467,1545,1596,0
D:\UAV\gz\faster-rcnn\VOCdevkit/VOC2007/JPEGImages/DJI_0392.jpg 1842,1438,1993,1615,0 1755,1483,1842,1586,0
D:\UAV\gz\faster-rcnn\VOCdevkit/VOC2007/JPEGImages/DJI_0396.jpg 1,1423,306,1719,0 276,1424,549,1709,0 509,1450,762,1704,0 744,1453,969,1693,0 928,1290,1833,1805,0 1775,1320,2104,1754,0 2070,1363,2411,1744,0 2382,1388,2589,1756,0 2545,1402,2762,1744,0 2740,1429,2909,1705,0 2872,1429,3036,1698,0 3011,1439,3167,1705,0 3150,1441,3267,1673,0 3243,1449,3353,1678,0 3328,1461,3414,1683,0 3382,1466,3504,1663,0 3475,1478,3545,1651,0 3533,1483,3609,1666,0 3597,1490,3665,1656,0 3655,1490,3716,1656,0 3779,1507,3919,1644,3 3948,1507,4056,1659,3
D:\UAV\gz\faster-rcnn\VOCdevkit/VOC2007/JPEGImages/DJI_0402.jpg 2819,1339,3253,1775,0 2429,1355,2835,1820,0 2038,1355,2406,1807,0 1696,1381,2061,1765,0 1380,1390,1748,1768,0 3284,1303,3693,1800,0 3716,1294,4056,1778,0 838,1465,1303,1692,1 107,1455,807,1718,1
D:\UAV\gz\faster-rcnn\VOCdevkit/VOC2007/JPEGImages/DJI_0408.jpg 721,1304,1313,1730,0 222,1300,764,1742,0 1,1307,316,1729,0 1671,1442,2103,1749,3 1280,1400,1700,1736,3 2500,1426,2909,1752,3 2922,1439,3329,1739,3 3364,1445,3806,1758,3 3742,1426,4051,1732,3
D:\UAV\gz\faster-rcnn\VOCdevkit/VOC2007/JPEGImages/DJI_0416.jpg 203,1445,571,1774,3 548,1439,942,1778,3 916,1461,1271,1755,3 1238,1458,1577,1732,3 1519,1484,1803,1726,3 1767,1455,2071,1713,3 2029,1458,2316,1729,3 3455,1294,3903,1729,0 2325,1371,2816,1652,0
D:\UAV\gz\faster-rcnn\VOCdevkit/VOC2007/JPEGImages/DJI_0422.jpg 1563,1727,2294,2068,0 3428,1614,4001,1857,0 3379,1618,3467,1748,0 3233,1615,3303,1749,0 3306,1619,3386,1742,0 3055,1609,3107,1725,0 3114,1612,3174,1730,0 3007,1607,3062,1716,0 3182,1615,3238,1751,0 3428,1870,3902,2102,3 3820,1848,4056,2059,3
D:\UAV\gz\faster-rcnn\VOCdevkit/VOC2007/JPEGImages/DJI_0430.jpg 2124,1809,2475,2188,0 2774,1799,3053,2147,0 2483,1811,2759,2169,0 1755,1799,2170,2223,0 3106,1799,3639,2103,0 1922,2325,2755,2812,3 2338,2470,3416,3034,3
D:\UAV\gz\faster-rcnn\VOCdevkit/VOC2007/JPEGImages/DJI_0432.jpg 2142,1781,2833,2170,0 1759,1786,1992,2086,0 2708,1828,3430,2287,0 1,2018,284,2318,3 1979,1773,2190,2123,0 1574,1787,1797,2062,0 293,1963,719,2254,3
D:\UAV\gz\faster-rcnn\VOCdevkit/VOC2007/JPEGImages/DJI_0438.jpg 1322,1365,2387,1690,1 880,1500,1151,1623,1 1,1539,213,1636,1
D:\UAV\gz\faster-rcnn\VOCdevkit/VOC2007/JPEGImages/DJI_0440.jpg 1609,1452,2622,1800,1 44,1535,485,1656,1
D:\UAV\gz\faster-rcnn\VOCdevkit/VOC2007/JPEGImages/DJI_0442.jpg 1238,1378,1945,1868,1
D:\UAV\gz\faster-rcnn\VOCdevkit/VOC2007/JPEGImages/_DSC8154.jpg 2362,212,4727,3317,0 4657,432,7272,3107,0 1292,1167,2412,2577,1
D:\UAV\gz\faster-rcnn\VOCdevkit/VOC2007/JPEGImages/_DSC8155.jpg 1,659,3147,3454,0 2622,809,4797,3049,0 4872,1574,6662,2164,1 6547,1514,7360,2189,1
D:\UAV\gz\faster-rcnn\VOCdevkit/VOC2007/JPEGImages/_DSC8159.jpg 1997,1597,3807,2212,1 3687,1507,5857,2242,1
D:\UAV\gz\faster-rcnn\VOCdevkit/VOC2007/JPEGImages/_DSC8160.jpg 3212,1637,3877,2077,1
D:\UAV\gz\faster-rcnn\VOCdevkit/VOC2007/JPEGImages/_DSC8161.jpg 3062,1787,3852,2272,1
D:\UAV\gz\faster-rcnn\VOCdevkit/VOC2007/JPEGImages/_DSC8162.jpg 1987,1522,2842,2027,1 4272,1617,4717,1902,1
D:\UAV\gz\faster-rcnn\VOCdevkit/VOC2007/JPEGImages/_DSC8163.jpg 2492,1287,3757,2067,1 4782,1492,5332,1827,1
D:\UAV\gz\faster-rcnn\VOCdevkit/VOC2007/JPEGImages/_DSC8164.jpg 2662,922,5727,2332,1 2122,1472,2687,1827,1
D:\UAV\gz\faster-rcnn\VOCdevkit/VOC2007/JPEGImages/_DSC8165.jpg 1962,947,6062,2617,1
D:\UAV\gz\faster-rcnn\VOCdevkit/VOC2007/JPEGImages/_DSC8166.jpg 2267,947,6427,2737,1
D:\UAV\gz\faster-rcnn\VOCdevkit/VOC2007/JPEGImages/_DSC8167.jpg 2082,1092,6162,3112,1
D:\UAV\gz\faster-rcnn\VOCdevkit/VOC2007/JPEGImages/_DSC8168.jpg 2952,1372,3832,1892,1
D:\UAV\gz\faster-rcnn\VOCdevkit/VOC2007/JPEGImages/_DSC8169.jpg 3157,1002,4132,1542,1
D:\UAV\gz\faster-rcnn\VOCdevkit/VOC2007/JPEGImages/_DSC8172.jpg 2912,1287,3832,1837,1
D:\UAV\gz\faster-rcnn\VOCdevkit/VOC2007/JPEGImages/_DSC8173.jpg 2977,1217,3887,1812,1
D:\UAV\gz\faster-rcnn\VOCdevkit/VOC2007/JPEGImages/_DSC8176.jpg 2992,1312,3742,2007,1
D:\UAV\gz\faster-rcnn\VOCdevkit/VOC2007/JPEGImages/_DSC8177.jpg 2877,1777,4007,2257,1
D:\UAV\gz\faster-rcnn\VOCdevkit/VOC2007/JPEGImages/_DSC8178.jpg 2812,1907,3957,2757,1
D:\UAV\gz\faster-rcnn\VOCdevkit/VOC2007/JPEGImages/_DSC8179.jpg 2822,1882,3787,2337,1
D:\UAV\gz\faster-rcnn\VOCdevkit/VOC2007/JPEGImages/_DSC8181.jpg 2642,1677,4392,2487,1
D:\UAV\gz\faster-rcnn\VOCdevkit/VOC2007/JPEGImages/_DSC8182.jpg 2577,1627,4392,2492,1
D:\UAV\gz\faster-rcnn\VOCdevkit/VOC2007/JPEGImages/_DSC8184.jpg 2777,1662,4552,2492,1
D:\UAV\gz\faster-rcnn\VOCdevkit/VOC2007/JPEGImages/_DSC8185.jpg 4077,1302,5912,2137,1 1207,1827,1782,2142,1
D:\UAV\gz\faster-rcnn\VOCdevkit/VOC2007/JPEGImages/_DSC8186.jpg 4257,1427,6117,2362,1 1937,1897,2587,2187,1
D:\UAV\gz\faster-rcnn\VOCdevkit/VOC2007/JPEGImages/_DSC8187.jpg 3217,1092,6722,2727,1 2312,1942,2992,2227,1
D:\UAV\gz\faster-rcnn\VOCdevkit/VOC2007/JPEGImages/_DSC8188.jpg 2252,1332,5227,2832,1 1588,2201,1865,2335,1
D:\UAV\gz\faster-rcnn\VOCdevkit/VOC2007/JPEGImages/_DSC8189.jpg 3987,1262,7157,2757,1 3379,2092,3638,2239,1 1258,2137,1569,2268,1
D:\UAV\gz\faster-rcnn\VOCdevkit/VOC2007/JPEGImages/_DSC8191.jpg 62,182,3857,3472,1 4822,1752,5582,2132,1
D:\UAV\gz\faster-rcnn\VOCdevkit/VOC2007/JPEGImages/_DSC8192.jpg 1292,687,5507,3137,1
D:\UAV\gz\faster-rcnn\VOCdevkit/VOC2007/JPEGImages/_DSC8195.jpg 2272,1122,5042,2447,1
D:\UAV\gz\faster-rcnn\VOCdevkit/VOC2007/JPEGImages/_DSC8197.jpg 2607,1712,4292,2532,1
D:\UAV\gz\faster-rcnn\VOCdevkit/VOC2007/JPEGImages/_DSC8200.jpg 3247,1752,4497,2687,1 2927,2062,3302,2239,1
D:\UAV\gz\faster-rcnn\VOCdevkit/VOC2007/JPEGImages/_DSC8201.jpg 2097,1092,6067,3092,1
D:\UAV\gz\faster-rcnn\VOCdevkit/VOC2007/JPEGImages/_DSC8202.jpg 814,2019,1394,2546,0
D:\UAV\gz\faster-rcnn\VOCdevkit/VOC2007/JPEGImages/_DSC8206.jpg 5057,1277,6352,2452,1 942,1592,1742,2062,1
D:\UAV\gz\faster-rcnn\VOCdevkit/VOC2007/JPEGImages/_DSC8208.jpg 1397,1252,3262,2202,1 4997,1577,6142,2052,1
D:\UAV\gz\faster-rcnn\VOCdevkit/VOC2007/JPEGImages/_DSC8210.jpg 1567,1052,2662,1927,0 2587,1012,3627,1872,0
D:\UAV\gz\faster-rcnn\VOCdevkit/VOC2007/JPEGImages/_DSC8213.jpg 2237,1159,2822,1869,0 2992,1139,3547,1844,0 4167,1379,4762,1794,3
D:\UAV\gz\faster-rcnn\VOCdevkit/VOC2007/JPEGImages/_DSC8215.jpg 3312,1439,4462,2119,1
D:\UAV\gz\faster-rcnn\VOCdevkit/VOC2007/JPEGImages/_DSC8216.jpg 2272,1177,3132,1887,0 3012,1132,3827,1877,0 3831,1402,4572,1811,1
D:\UAV\gz\faster-rcnn\VOCdevkit/VOC2007/JPEGImages/_DSC8218.jpg 2652,887,4347,1947,0 4102,942,4952,1887,0
D:\UAV\gz\faster-rcnn\VOCdevkit/VOC2007/JPEGImages/_DSC8220.jpg 2512,1582,3442,2122,1 3622,1542,4512,2187,1
D:\UAV\gz\faster-rcnn\VOCdevkit/VOC2007/JPEGImages/_DSC8222.jpg 782,632,5992,3032,1
D:\UAV\gz\faster-rcnn\VOCdevkit/VOC2007/JPEGImages/_DSC8224.jpg 2087,917,4812,2282,0
D:\UAV\gz\faster-rcnn\VOCdevkit/VOC2007/JPEGImages/_DSC8225.jpg 3112,1207,5672,2502,0
D:\UAV\gz\faster-rcnn\VOCdevkit/VOC2007/JPEGImages/_DSC8226.jpg 4227,1567,4747,1982,1 3572,1607,4022,1962,1
D:\UAV\gz\faster-rcnn\VOCdevkit/VOC2007/JPEGImages/_DSC8227.jpg 2982,987,5537,2367,0
D:\UAV\gz\faster-rcnn\VOCdevkit/VOC2007/JPEGImages/_DSC8228.jpg 2147,364,5057,2704,0 252,404,2357,2489,0 6373,1451,6839,1849,1 5650,1433,6094,1806,1
D:\UAV\gz\faster-rcnn\VOCdevkit/VOC2007/JPEGImages/_DSC8230.jpg 2087,1592,3822,2177,1 3697,1537,5757,2152,1
D:\UAV\gz\faster-rcnn\VOCdevkit/VOC2007/JPEGImages/_DSC8231.jpg 2397,1397,6092,3647,3
D:\UAV\gz\faster-rcnn\VOCdevkit/VOC2007/JPEGImages/_DSC8232.jpg 862,1042,5297,3492,3 3562,717,6472,1747,0
D:\UAV\gz\faster-rcnn\VOCdevkit/VOC2007/JPEGImages/_DSC8234.jpg 2587,737,4932,2802,3
D:\UAV\gz\faster-rcnn\VOCdevkit/VOC2007/JPEGImages/_DSC8235.jpg 442,1192,4252,3052,0 4492,1442,5612,2787,0
D:\UAV\gz\faster-rcnn\VOCdevkit/VOC2007/JPEGImages/_DSC8237.jpg 3173,2188,3790,2595,3 1910,2207,2687,2599,3 2618,2122,3310,2563,3 4120,1913,4975,2550,0 4910,1887,5865,2614,0 5830,1822,6648,2669,0 6743,1817,7360,2659,0 3687,2182,4177,2567,3
D:\UAV\gz\faster-rcnn\VOCdevkit/VOC2007/JPEGImages/_DSC8238.jpg 4933,1871,5399,2399,0 4357,1869,4797,2390,0 3866,1886,4280,2380,0 3373,1889,3814,2369,0 2743,1889,3346,2342,0 2214,1887,2829,2319,0 1879,2042,2243,2296,3 1526,2050,1933,2308,3
D:\UAV\gz\faster-rcnn\VOCdevkit/VOC2007/JPEGImages/_DSC8239.jpg 2545,2001,3191,2315,3 3986,1982,4510,2396,1
D:\UAV\gz\faster-rcnn\VOCdevkit/VOC2007/JPEGImages/_DSC8240.jpg 3697,2097,4267,2607,1 2122,2232,2812,2512,3
D:\UAV\gz\faster-rcnn\VOCdevkit/VOC2007/JPEGImages/_DSC8243.jpg 2122,1762,3198,2365,3 3640,1823,4285,2250,1 3220,1863,3738,2212,1 4333,1745,5692,2402,1
D:\UAV\gz\faster-rcnn\VOCdevkit/VOC2007/JPEGImages/_DSC8244.jpg 3807,1392,6197,2452,1 2732,1627,3802,2222,1 1162,1617,2837,2442,3
D:\UAV\gz\faster-rcnn\VOCdevkit/VOC2007/JPEGImages/_DSC8246.jpg 1957,957,6357,3202,0
D:\UAV\gz\faster-rcnn\VOCdevkit/VOC2007/JPEGImages/_DSC8247.jpg 2447,1507,4532,2587,3 4392,1602,5282,2472,3
D:\UAV\gz\faster-rcnn\VOCdevkit/VOC2007/JPEGImages/_DSC8248.jpg 3287,1987,4257,2462,0 2887,1997,3277,2452,0 2537,2022,2867,2457,0
D:\UAV\gz\faster-rcnn\VOCdevkit/VOC2007/JPEGImages/_DSC8249.jpg 1812,1392,5547,2992,1 5527,1717,7102,2467,1 712,1727,1977,2652,3
D:\UAV\gz\faster-rcnn\VOCdevkit/VOC2007/JPEGImages/_DSC8250.jpg 3772,1637,4402,2077,1
D:\UAV\gz\faster-rcnn\VOCdevkit/VOC2007/JPEGImages/_DSC8251.jpg 3287,1807,4517,2507,0 2482,1817,3242,2467,0 1807,1782,2502,2577,0
D:\UAV\gz\faster-rcnn\VOCdevkit/VOC2007/JPEGImages/_DSC8253.jpg 3722,1982,4387,2627,0 2987,1987,3682,2647,0 2272,1952,3022,2637,0 1602,1947,2277,2637,0
D:\UAV\gz\faster-rcnn\VOCdevkit/VOC2007/JPEGImages/_DSC8254.jpg 5322,1967,6597,2612,1
D:\UAV\gz\faster-rcnn\VOCdevkit/VOC2007/JPEGImages/_DSC8255.jpg 532,1902,2368,2379,1 2995,1962,4442,2384,1 5040,1954,6488,2386,1
D:\UAV\gz\faster-rcnn\VOCdevkit/VOC2007/JPEGImages/_DSC8256.jpg 4322,1762,5897,2397,1
D:\UAV\gz\faster-rcnn\VOCdevkit/VOC2007/JPEGImages/_DSC8261.jpg 3212,2087,3587,2472,0 2767,2047,3187,2492,0 2317,2087,2792,2507,0 1707,2067,2327,2482,0
D:\UAV\gz\faster-rcnn\VOCdevkit/VOC2007/JPEGImages/_DSC8263.jpg 4708,2208,6422,2726,1 4222,2278,4784,2518,1 2684,2294,3706,2584,1 2337,2361,2617,2572,3 1316,2290,2317,2551,1 554,2315,1007,2549,0
D:\UAV\gz\faster-rcnn\VOCdevkit/VOC2007/JPEGImages/_DSC8264.jpg 1890,2281,2286,2588,0 2310,2296,2644,2591,0 2656,2310,2941,2587,0 2929,2311,3252,2593,0
D:\UAV\gz\faster-rcnn\VOCdevkit/VOC2007/JPEGImages/_DSC8265.jpg 2907,1797,4572,2387,1
D:\UAV\gz\faster-rcnn\VOCdevkit/VOC2007/JPEGImages/_DSC8268.jpg 1751,2201,2015,2449,0 2005,2224,2288,2442,0 2280,2229,2508,2442,0 2509,2235,2758,2434,0
D:\UAV\gz\faster-rcnn\VOCdevkit/VOC2007/JPEGImages/_DSC8270.jpg 4382,2032,5927,2672,1 404,2420,644,2618,0 124,2391,374,2623,0 1658,2375,1823,2514,0
D:\UAV\gz\faster-rcnn\VOCdevkit/VOC2007/JPEGImages/_DSC8271.jpg 4144,1651,5714,2401,1 1647,1935,1853,2195,0 1900,1956,2110,2179,0 2147,1947,2380,2181,0 2419,1955,2654,2189,0 3957,1951,4101,2083,0 4109,1942,4236,2069,0
D:\UAV\gz\faster-rcnn\VOCdevkit/VOC2007/JPEGImages/_DSC8272.jpg 3500,1668,4435,2363,1 2183,1882,2405,2095,0 2425,1897,2656,2102,0 2656,1887,2891,2109,0 2899,1888,3182,2106,0 4735,1896,4884,2044,0 4575,1905,4714,2035,0
D:\UAV\gz\faster-rcnn\VOCdevkit/VOC2007/JPEGImages/_DSC8273.jpg 1037,1919,1987,2639,1 5964,1834,7360,2400,1 4870,2056,5866,2322,1 4181,2054,4874,2289,1 2390,2204,2549,2340,0 2224,2201,2379,2345,0 2084,2213,2223,2348,0 1958,2211,2065,2340,0 398,2254,663,2466,0 115,2238,380,2458,0
D:\UAV\gz\faster-rcnn\VOCdevkit/VOC2007/JPEGImages/_DSC8275.jpg 2440,1797,3627,2302,1 3990,1932,4280,2117,0 3775,1932,4010,2127,0 5720,1880,5857,2020,0 5552,1862,5682,2013,0 6050,1873,6185,1998,0
D:\UAV\gz\faster-rcnn\VOCdevkit/VOC2007/JPEGImages/_DSC8276.jpg 2582,1852,3937,2422,1 4190,1980,4405,2183,0 4382,1995,4600,2183,0 4577,1997,4827,2188,0 4815,1975,5015,2188,0
D:\UAV\gz\faster-rcnn\VOCdevkit/VOC2007/JPEGImages/_DSC8280.jpg 1,857,3466,2719,1 4211,1560,4549,1923,1 2899,1386,4418,2186,1 4683,1575,4825,1725,0 4548,1559,4676,1715,0 5702,1437,6742,1887,3
D:\UAV\gz\faster-rcnn\VOCdevkit/VOC2007/JPEGImages/_DSC8286.jpg 3566,1990,3825,2218,0 4084,1998,4302,2230,0 3848,1992,4090,2225,0 3358,2008,3564,2188,0 4298,1996,4482,2202,0
D:\UAV\gz\faster-rcnn\VOCdevkit/VOC2007/JPEGImages/_DSC8287.jpg 1587,1208,5032,2832,3 4617,1372,5637,2592,3
D:\UAV\gz\faster-rcnn\VOCdevkit/VOC2007/JPEGImages/_DSC8288.jpg 2813,692,4817,3170,0
D:\UAV\gz\faster-rcnn\VOCdevkit/VOC2007/JPEGImages/_DSC8289.jpg 2564,1798,3537,2317,3 4674,1800,5838,2388,1 4136,1884,4677,2247,1 3817,1888,4163,2210,1
D:\UAV\gz\faster-rcnn\VOCdevkit/VOC2007/JPEGImages/_DSC8290.jpg 3016,2086,3572,2387,3 4256,2064,4843,2402,1 3947,2049,4243,2306,1 3812,1997,4017,2275,1
D:\UAV\gz\faster-rcnn\VOCdevkit/VOC2007/JPEGImages/_DSC8306.jpg 392,752,3292,2232,1
D:\UAV\gz\faster-rcnn\VOCdevkit/VOC2007/JPEGImages/_DSC8313.jpg 1847,1907,2502,2107,1 2727,1887,3327,2057,1 4177,1847,4717,2017,1
D:\UAV\gz\faster-rcnn\VOCdevkit/VOC2007/JPEGImages/_DSC8337.jpg 3290,2217,3893,2438,1 5527,2262,6139,2456,1 3939,2236,4516,2468,1 1719,2256,2346,2449,1
D:\UAV\gz\faster-rcnn\VOCdevkit/VOC2007/JPEGImages/_DSC8340.jpg 3302,1126,4044,1813,1 2404,1298,3260,1848,1
D:\UAV\gz\faster-rcnn\VOCdevkit/VOC2007/JPEGImages/_DSC8341.jpg 3210,1666,4284,1996,1 1922,1752,2412,1948,1 188,1734,808,1962,1 2628,1724,3200,1972,0
D:\UAV\gz\faster-rcnn\VOCdevkit/VOC2007/JPEGImages/_DSC8342.jpg 2374,1384,3497,1883,1 3638,1525,4313,1818,1 4262,1535,4898,1843,1 943,1568,1373,1847,3 317,1577,935,1842,3 1452,1482,1590,1715,0 1590,1485,1727,1712,0 1722,1480,1858,1708,0 535,1450,1425,1660,0 255,1470,407,1688,0 417,1477,537,1657,0 155,1495,285,1673,0 23,1487,157,1693,0 3448,1533,3658,1725,0
D:\UAV\gz\faster-rcnn\VOCdevkit/VOC2007/JPEGImages/_DSC8343.jpg 2198,1562,3503,2000,0 5052,1793,5618,2077,3 5618,1778,6063,2068,3 4583,1717,4690,1915,0 4663,1717,4788,1922,0 4775,1717,4902,1905,0 4873,1703,4990,1920,0 4990,1708,5110,1908,0 5232,1642,6103,1812,0 6097,1678,6253,1890,0 6265,1680,6398,1883,0 6393,1675,6552,1887,0
D:\UAV\gz\faster-rcnn\VOCdevkit/VOC2007/JPEGImages/_DSC8344.jpg 2472,1112,4762,1697,1
D:\UAV\gz\faster-rcnn\VOCdevkit/VOC2007/JPEGImages/_DSC8345.jpg 1729,739,4287,1947,0 5160,1410,5634,1568,1 6454,1419,6878,1583,1
D:\UAV\gz\faster-rcnn\VOCdevkit/VOC2007/JPEGImages/_DSC8346.jpg 2337,859,3807,2369,0
D:\UAV\gz\faster-rcnn\VOCdevkit/VOC2007/JPEGImages/_DSC8347.jpg 2237,324,3872,1809,0
D:\UAV\gz\faster-rcnn\VOCdevkit/VOC2007/JPEGImages/_DSC8348.jpg 2382,843,4517,2227,0
D:\UAV\gz\faster-rcnn\VOCdevkit/VOC2007/JPEGImages/_DSC8349.jpg 1837,1047,4579,2199,0 194,1643,449,1793,3 1,1628,184,1805,3 200,1541,973,1765,0 4981,1622,5387,1843,1 4566,1582,4947,1825,1
D:\UAV\gz\faster-rcnn\VOCdevkit/VOC2007/JPEGImages/_DSC8351.jpg 2822,1302,4252,1792,1
D:\UAV\gz\faster-rcnn\VOCdevkit/VOC2007/JPEGImages/_DSC8352.jpg 2787,1307,3982,1772,1
D:\UAV\gz\faster-rcnn\VOCdevkit/VOC2007/JPEGImages/_DSC8353.jpg 3183,1019,4447,1460,1
D:\UAV\gz\faster-rcnn\VOCdevkit/VOC2007/JPEGImages/_DSC8354.jpg 2780,1732,3640,2025,1
D:\UAV\gz\faster-rcnn\VOCdevkit/VOC2007/JPEGImages/_DSC8356.jpg 1238,1919,2147,2197,1 5305,1587,7070,2149,1 4303,1742,5153,2097,1 3585,1827,4060,2042,1 3393,1872,3585,1987,1
D:\UAV\gz\faster-rcnn\VOCdevkit/VOC2007/JPEGImages/_DSC8357.jpg 6451,1767,6784,2044,1 3117,1847,3972,2112,1 542,1852,1082,1987,1 6790,1842,7358,2044,1 6252,1912,6452,1973,1
D:\UAV\gz\faster-rcnn\VOCdevkit/VOC2007/JPEGImages/_DSC8360.jpg 5072,1849,5816,2132,1 1612,2027,2427,2237,1 5924,1874,6765,2089,1 6787,1822,7360,2177,1
D:\UAV\gz\faster-rcnn\VOCdevkit/VOC2007/JPEGImages/_DSC8361.jpg 617,617,5387,2502,1 5261,770,7002,1762,1
D:\UAV\gz\faster-rcnn\VOCdevkit/VOC2007/JPEGImages/_DSC8362.jpg 942,859,2562,2284,1 4357,929,6507,2284,1 1,1169,482,2179,1
D:\UAV\gz\faster-rcnn\VOCdevkit/VOC2007/JPEGImages/_DSC8363.jpg 5047,434,7360,2957,1 1941,1210,5134,2520,1 152,1332,2047,2482,1
D:\UAV\gz\faster-rcnn\VOCdevkit/VOC2007/JPEGImages/_DSC8365.jpg 3422,1907,4022,2037,1 52,1812,417,1907,1 5612,1512,7360,2277,1
D:\UAV\gz\faster-rcnn\VOCdevkit/VOC2007/JPEGImages/_DSC8366.jpg 10,1244,1747,2132,1 2727,1552,4492,2157,1
D:\UAV\gz\faster-rcnn\VOCdevkit/VOC2007/JPEGImages/_DSC8367.jpg 6056,1370,7360,2037,1 4062,1367,5622,2047,1
D:\UAV\gz\faster-rcnn\VOCdevkit/VOC2007/JPEGImages/_DSC8368.jpg 3868,1622,5872,2297,1 1867,1637,3447,2297,1 5942,1802,7357,2322,1
D:\UAV\gz\faster-rcnn\VOCdevkit/VOC2007/JPEGImages/_DSC8369.jpg 1682,1207,2882,2057,1 4092,1347,5537,2052,1 5192,1237,6852,2112,1
D:\UAV\gz\faster-rcnn\VOCdevkit/VOC2007/JPEGImages/_DSC8370.jpg 6202,1589,7360,2254,1 3632,1479,5112,2229,1 2582,1429,3947,2204,1 1,1374,1232,2199,1
D:\UAV\gz\faster-rcnn\VOCdevkit/VOC2007/JPEGImages/_DSC8371.jpg 4427,999,5512,1779,1 2767,959,4097,1784,1 652,979,2302,1729,1
D:\UAV\gz\faster-rcnn\VOCdevkit/VOC2007/JPEGImages/_DSC8372.jpg 5177,1276,6867,1759,1 3634,1456,4592,1710,1 2901,1590,3119,1720,1 2763,1586,2910,1709,1 2461,1612,2713,1679,1 4597,1519,5097,1712,1 4761,1530,5556,1709,1 762,1607,1059,1655,1
D:\UAV\gz\faster-rcnn\VOCdevkit/VOC2007/JPEGImages/_DSC8374.jpg 4182,992,7360,2027,1 3373,1598,3573,1749,1 3324,1625,3380,1750,1 3279,1638,3327,1736,1 2800,1638,2926,1663,1 1862,1645,2145,1693,1 99,1633,384,1667,1
D:\UAV\gz\faster-rcnn\VOCdevkit/VOC2007/JPEGImages/_DSC8375.jpg 2802,1141,6330,2130,1 1920,1457,3560,1960,1 1372,1766,1682,1833,1 1,1779,291,1826,1 2031,1749,2236,1868,1 1982,1763,2040,1859,1 1950,1762,1993,1858,1
D:\UAV\gz\faster-rcnn\VOCdevkit/VOC2007/JPEGImages/_DSC8376.jpg 3626,1376,4708,1776,1 1502,1366,1804,1440,1 5632,442,7360,1757,1
D:\UAV\gz\faster-rcnn\VOCdevkit/VOC2007/JPEGImages/_DSC8377.jpg 3132,1572,4672,2127,1
D:\UAV\gz\faster-rcnn\VOCdevkit/VOC2007/JPEGImages/_DSC8378.jpg 2952,1772,4267,2167,1 1,1672,787,2057,1
D:\UAV\gz\faster-rcnn\VOCdevkit/VOC2007/JPEGImages/_DSC8379.jpg 3032,1367,4227,2327,1 6627,1607,7167,1842,1
D:\UAV\gz\faster-rcnn\VOCdevkit/VOC2007/JPEGImages/_DSC8380.jpg 1652,825,4726,2037,1 6607,1262,7127,1457,1
D:\UAV\gz\faster-rcnn\VOCdevkit/VOC2007/JPEGImages/_DSC8382.jpg 2082,1327,4417,2572,1 5827,1862,6387,2152,1
D:\UAV\gz\faster-rcnn\VOCdevkit/VOC2007/JPEGImages/_DSC8383.jpg 2442,1482,4285,2396,1 5462,1727,5877,2017,1
D:\UAV\gz\faster-rcnn\VOCdevkit/VOC2007/JPEGImages/_DSC8384.jpg 2352,2137,3862,2882,1 5027,2232,5392,2477,1
D:\UAV\gz\faster-rcnn\VOCdevkit/VOC2007/JPEGImages/_DSC8386.jpg 4782,1812,7360,2787,1 2097,2132,3032,2708,1 4037,2102,4437,2277,1
D:\UAV\gz\faster-rcnn\VOCdevkit/VOC2007/JPEGImages/_DSC8389.jpg 1837,2099,4477,2894,1 4747,2234,5342,2674,1 6542,2249,7027,2409,1
D:\UAV\gz\faster-rcnn\VOCdevkit/VOC2007/JPEGImages/_DSC8393.jpg 2852,2087,4167,2537,1 1,1948,937,2464,1
D:\UAV\gz\faster-rcnn\VOCdevkit/VOC2007/JPEGImages/_DSC8394.jpg 996,1706,3290,2394,1 4228,1873,5060,2206,1 2698,1822,3824,2260,1
D:\UAV\gz\faster-rcnn\VOCdevkit/VOC2007/JPEGImages/_DSC8395.jpg 3014,1790,4464,2200,1 1966,1872,2206,1930,1 680,1825,882,1863,1 5462,1985,5685,2044,1 5196,1988,5453,2040,1 4751,1971,4964,2019,1 5965,1944,6337,2029,1
D:\UAV\gz\faster-rcnn\VOCdevkit/VOC2007/JPEGImages/_DSC8399.jpg 4225,1602,5360,2143,1 3234,1652,3952,2000,1 2630,1657,3073,1913,1 1,1392,1723,2017,1 2297,1658,2622,1852,1 2045,1627,2302,1842,1 1033,1543,2025,1958,1
D:\UAV\gz\faster-rcnn\VOCdevkit/VOC2007/JPEGImages/_DSC8401.jpg 1903,1124,5817,2727,1 1,1377,2012,2483,1 5852,1694,7152,2192,1
D:\UAV\gz\faster-rcnn\VOCdevkit/VOC2007/JPEGImages/_DSC8402.jpg 1887,1879,3882,2484,1 5467,2054,5947,2204,1 6157,1694,7360,2589,1
D:\UAV\gz\faster-rcnn\VOCdevkit/VOC2007/JPEGImages/_DSC8403.jpg 6522,1537,7360,2312,1 4236,1560,6032,2152,1 3072,1217,4087,2212,1 422,1437,2937,2112,1 6127,1702,6442,1782,1
D:\UAV\gz\faster-rcnn\VOCdevkit/VOC2007/JPEGImages/_DSC8406.jpg 922,1437,4252,2557,1 6152,1880,7332,2527,1
D:\UAV\gz\faster-rcnn\VOCdevkit/VOC2007/JPEGImages/_DSC8408.jpg 3802,1844,4322,2229,1 4627,1934,4907,2129,1 3037,1924,3552,2249,1 2272,1929,3127,2264,1 507,1884,2032,2389,1
D:\UAV\gz\faster-rcnn\VOCdevkit/VOC2007/JPEGImages/_DSC8410.jpg 2372,1182,4072,2042,3 6022,978,6906,1767,0 3717,1212,4812,1972,3 6927,942,7357,1862,0
D:\UAV\gz\faster-rcnn\VOCdevkit/VOC2007/JPEGImages/_DSC8411.jpg 1704,1192,3294,2257,3 3012,1302,4552,2087,3 6662,952,7360,1932,0
D:\UAV\gz\faster-rcnn\VOCdevkit/VOC2007/JPEGImages/_DSC8412.jpg 3292,877,4282,2102,0 932,967,2272,2102,0 1,957,957,2152,0
D:\UAV\gz\faster-rcnn\VOCdevkit/VOC2007/JPEGImages/_DSC8413.jpg 1657,1357,2397,2257,0 2342,1272,3097,2232,0 3022,1282,3897,2312,0 3877,1242,5717,2392,0 5932,1092,7360,2512,0
D:\UAV\gz\faster-rcnn\VOCdevkit/VOC2007/JPEGImages/_DSC8414.jpg 2714,1592,3508,2289,3 3762,1604,4740,2222,3 2063,1627,2356,1717,1 1728,1647,1977,1719,1
D:\UAV\gz\faster-rcnn\VOCdevkit/VOC2007/JPEGImages/_DSC8417.jpg 2524,1647,3437,2357,3 3570,1685,4580,2332,3
D:\UAV\gz\faster-rcnn\VOCdevkit/VOC2007/JPEGImages/_DSC8427.jpg 2204,1760,2932,2257,1 5720,1712,6554,2322,1 887,1777,1812,2266,1 5540,1918,5766,2044,1 3660,1826,4250,2274,1 6658,1782,7340,2294,1
D:\UAV\gz\faster-rcnn\VOCdevkit/VOC2007/JPEGImages/_DSC8428.jpg 4126,1842,4651,2372,0 4569,1809,5106,2341,0 2748,2021,3847,2537,3 5553,1824,6157,2332,0 3665,1842,4090,2382,0 3253,1842,3580,2194,0
D:\UAV\gz\faster-rcnn\VOCdevkit/VOC2007/JPEGImages/_DSC8429.jpg 1707,1672,2632,2297,1 4987,1702,6067,2237,1 6022,1613,7262,2248,1 3485,1628,4263,2270,1 752,1710,1755,2317,1
D:\UAV\gz\faster-rcnn\VOCdevkit/VOC2007/JPEGImages/_DSC8432.jpg 3990,1612,4737,2630,0 2899,1854,3765,2618,3 1909,1827,2342,2313,0 2324,1792,2802,2347,0 232,1917,1117,2662,3 1057,1922,1972,2617,3 5037,1317,6717,2667,0 4732,1742,5077,2257,0 3732,1767,3972,2262,0
D:\UAV\gz\faster-rcnn\VOCdevkit/VOC2007/JPEGImages/_DSC8436.jpg 4252,2317,5647,2977,3 47,2082,1337,3242,3 3302,2227,4257,3042,3 2487,2177,3317,3042,3
D:\UAV\gz\faster-rcnn\VOCdevkit/VOC2007/JPEGImages/_DSC8438.jpg 2830,1264,4520,2217,0 2073,1594,2873,2032,1 5348,1634,6225,1929,1 6478,1674,7140,1952,1
D:\UAV\gz\faster-rcnn\VOCdevkit/VOC2007/JPEGImages/_DSC8444.jpg 2023,1454,3597,2492,0
D:\UAV\gz\faster-rcnn\VOCdevkit/VOC2007/JPEGImages/_DSC8446.jpg 3358,2036,3762,2468,0 6620,2098,7360,2598,1 3858,2183,4087,2438,0
D:\UAV\gz\faster-rcnn\VOCdevkit/VOC2007/JPEGImages/_DSC8452.jpg 1532,1192,2888,2166,0 4502,1192,7027,2302,0
D:\UAV\gz\faster-rcnn\VOCdevkit/VOC2007/JPEGImages/_DSC8463.jpg 3102,1752,4077,2722,3
